java -Djava.util.logging.config.file="logging.properties" -jar UnifiedHost-1.17.0.jar

python D:\OneDrive\HarmonyProjects\bootloader_apps_uart\host_python\btl_host.py -v -s -i COM4 -d pic32mz -a 0x9D100000 -f D:\OneDrive\HarmonyProjects\bootloader_apps_uart\apps\test_app\firmware\test_app.X\dist\pic32mz_ef_sk\production\test_app.X.production.bin

sample data app upload to client via uart bootloader

[77, 67, 72, 80, 8, 0, 0, 0, 160, 0, 0, 16, 157, 0, 64, 0, 0]

UNLOCK: 4D 43 48 50 08 00 00 00 A0 00 00 10 9D 00 40 00 00
data1:  03 00 00 10 00 00 00 00 40 F3 06 00 00 00 00 00 06 00
data2:  40 0F 00 00 00 00 00 60 1A 40 C0 04 5A 7F 05 00 40 13 00 00 00 00 00 9D 1A 3C 7C 3C
data3:  5A 27 08 00 40 03 00 00 00 00 08 80 1D 3C F0 FF BD 27 01 80 1C 3C 00 80 9C 27
...

0X9D100000
0X9D104000


77 67 72 80 4 64 0 0 161 0 0 16 157 3 0 0 16 0 0 0 0 64 243 6 0 0 0 0 0 6 0 64 15 0 0 0 0 0 96 26 64 192 4 90 127 5 0 64 19 0 0 0 0 0 157 26 60 124 60 90 39 8 0 64 3 0 0 0 0 8 128 29 60 240 255 189 39 1 128 28 60 0 128 156 39 2 96 9 64 32 88 32 1 7 0 10 36 132 73 73 125 2 96 137 64 192 0 0 0 0 224 220 65 255 255 74 37 250 255 64 21 0 0 0 0 2 96 139 64 192 0 0 0 0 157 8 60 236 17 8 37 9 248 0 1 0 0 0 0 0 157 8 60 240 51 8 37 9 248 0 1 0 0 0 0 0 128 8 60 56 0 8 37 0 128 9 60 72 0 41 37 3 0 0 16 0 0 0 0 0 0 0 173 4 0 8 37 43 8 9 1 252 255 32 20 0 0 0 0 0 189 8 60 112 5 8 37 9 248 0 1 0 0 0 0 0 157 8 60 76 56 8 37 9 248 0 1 0 0 0 0 129 191 9 60 0 0 10 60 0 18 74 37 224 7 42 173 0 0 9 60 0 0 41 37 1 0 32 17 0 0 0 0 0 72 128 64 255 255 10 36 0 88 138 64 64 0 8 60 0 96 10 64 37 80 10 1 0 96 138 64 0 157 9 60 0 0 41 37 192 0 0 0 1 120 137 64 0 0 9 60 1 0 41 37 0 0 10 36 68 73 42 125 1 96 138 64 128 0 9 60 0 104 137 64 0 128 8 64 128 5 9 125 64 76 9 0 0 96 8 64 88 0 1 60 36 64 1 1 0 1 10 60 37 64 72 1 0 36 10 60 37 64 72 1 37 64 40 1 0 96 136 64 0 1 10 60 0 248 202 68 192 0 0 0 0 157 8 60 244 17 8 37 9 248 0 1 0 0 0 0 0 96 8 64 191 255 1 60 255 255 33 52 36 64 1 1 0 96 136 64 0 0 132 48 0 0 165 48 0 157 8 60 208 56 8 37 8 0 0 1 0 0 0 0 0 0 0 0 0 0 0 0 0 0 0 0 0 0 0 0 0 0 0 0 0 0 0 0 0 0 0 0 0 0 0 0 0 0 0 0 0 0 0 0 0 0 0 0 0 0 0 0 0 0 0 0 0 0 0 0 0 0 0 0 0 0 0 0 0 0 0 0 0 0 0 0 0 0 0 0 0 0 0 0 0 0 0 0 0 0 0 0 0 0 0 0 0 0 0 0 0 0 0 0 0 0 0 0 0 0 0 0 0 0 0 0 0 0 0 0 0 0 0 0 0 0 0 0 0 0 0 0 0 0 0 0 0 0 0 0 0 0 0 0 0 0 0 0 0 0 0 0 0 0 0 0 0 0 0 0 0 0 0 0 0 0 0 0 0 0 0 0 0 0 0 0 0 0 0 0 0 0 0 0 0 0 0 0 0 0 0 0 0 0 0 0 0 0 0 0 0 0 0 0 0 0 0 0 0 0 0 0 0 0 0 0 0 0 0 0 0 0 0 0 0 0 0 0 0 0 0 0 0 0 0 0 0 0 0 0 0 0 0 0 0 0 0 0 0 0 0 0 0 0 0 0 0 0 0 0 0 0 0 0 0 0 0 0 0 0 0 0 0 0 0 0 0 0 0 0 0 0 0 0 0 0 0 0 0 0 0 0 0 0 0 0 0 0 0 0 0 0 0 0 0 0 0 0 0 0 0 0 0 0 0 0 0 0 0 0 0 0 0 0 0 0 0 0 0 0 0 0 0 0 0 0 0 0 0 0 0 0 0 0 0 0 0 0 0 0 0 0 0 0 0 0 0 0 0 0 0 0 0 0 0 0 0 0 0 0 0 0 0 0 0 0 0 0 0 0 0 0 0 0 0 0 0 0 0 0 0 0 0 0 0 0 0 0 0 0 0 0 0 0 0 0 0 0 0 0 0 0 0 0 0 0 0 0 0 0 0 0 0 0 0 0 0 0 0 0 0 0 0 0 0 0 0 0 0 0 0 0 0 0 0 0 0 0 0 0 0 0 0 0 0 0 0 0 0 0 0 0 0 0 0 0 0 0 0 0 0 0 0 0 0 0 0 0 0 0 0 0 0 0 0 0 0 0 0 0 0 0 0 0 0 0 0 0 0 0 0 0 0 0 0 0 0 0 0 0 0 0 0 0 0 0 0 0 0 0 0 0 0 0 0 0 0 0 0 0 0 0 0 0 0 0 0 0 0 0 0 0 0 0 0 0 0 0 0 0 0 0 0 0 0 0 0 0 0 0 0 0 0 0 0 0 0 0 0 0 0 0 0 0 0 0 0 0 0 0 0 0 0 0 0 0 0 0 0 0 0 0 0 0 0 0 0 0 0 0 0 0 0 0 0 0 0 0 0 0 0 0 0 0 0 0 0 0 0 0 0 0 0 0 0 0 0 0 0 0 0 0 0 0 0 0 0 0 0 0 0 0 0 0 0 0 0 0 0 0 0 0 0 0 0 0 0 0 0 0 0 0 0 0 0 0 0 0 0 0 0 0 0 0 0 0 0 0 0 0 0 0 0 0 0 0 0 0 0 0 0 0 0 0 0 0 0 0 0 0 0 0 0 0 0 0 0 0 0 0 0 0 0 0 0 0 0 0 0 0 0 0 0 0 0 0 0 0 0 0 0 0 0 0 0 0 0 0 0 0 0 0 0 0 0 0 0 0 0 0 0 0 0 128 9 64 0 0 10 36 0 0 11 36 0 0 13 36 0 0 14 36 0 128 1 60 36 64 33 1 37 0 0 17 1 128 9 64 0 0 0 0 56 0 1 60 36 64 33 1 194 68 8 0 15 0 0 17 0 0 0 0 1 0 8 37 7 0 1 60 36 96 33 1 2 100 12 0 1 0 140 37 33 80 128 1 1 0 11 36 4 88 11 1 4 80 10 1 192 1 1 60 36 64 33 1 130 69 8 0 6 0 8 37 4 80 10 1 0 28 40 49 130 66 8 0 13 0 0 17 0 0 0 0 1 0 8 37 128 3 47 49 194 121 15 0 1 0 239 37 33 104 224 1 1 0 14 36 4 112 14 1 4 104 13 1 0 224 40 49 66 67 8 0 6 0 8 37 4 104 13 1 8 0 224 3 0 0 0 0 0 0 0 0 0 128 8 64 7 0 9 36 36 72 40 1 2 0 41 57 4 0 32 17 0 0 0 0 8 0 224 3 0 0 0 0 0 0 0 0 33 24 224 3 197 255 17 4 0 0 0 0 0 96 8 64 254 255 9 36 36 72 40 1 4 0 41 53 0 96 137 64 192 0 0 0 0 208 128 64 0 224 128 64 192 0 0 0 0 157 4 60 0 0 132 36 1 0 128 20 0 157 4 60 4 0 64 17 33 40 138 0 33 32 139 0 254 255 133 20 252 255 136 188 0 128 4 60 0 0 132 36 1 0 128 20 0 128 4 60 4 0 160 17 33 40 141 0 33 32 142 0 254 255 133 20 252 255 137 188 15 0 0 0 0 128 1 60 20 0 42 172 0 128 1 60 32 0 45 172 0 128 1 60 24 0 43 172 0 128 1 60 36 0 46 172 0 128 1 60 28 0 44 172 0 128 1 60 40 0 47 172 0 96 136 64 192 0 0 0 0 128 9 64 7 0 41 53 7 0 41 57 3 0 41 53 0 128 137 64 192 0 0 0 33 248 96 0 8 0 224 3 0 0 0 0 0 0 0 0 0 0 0 208 31 0 192 0 31 0 196 0 0 0 0 210 31 0 200 0 31 0 204 0 0 0 0 240 23 0 192 0 23 0 196 0 0 0 0 242 23 0 200 0 23 0 204 0 0 0 0 192 31 0 128 0 31 0 132 0 0 0 0 194 31 0 136 0 31 0 140 0 0 0 0 224 23 0 128 0 23 0 132 0 0 0 0 226 23 0 136 0 23 0 140 0 0 0 0 0 0 0 0 0 0 0 0 0 0 0 0 0 0 0 0 0 0 0 0 0 0 0 0 0 0 0 0 0 0 0 0 0 0 0 0 0 0 0 0 0 0 0 0 0 0 0 0 0 0 0 0 0 0 0 0 0 0 0 0 0 0 0 0 0 0 0 0 0 0 0 0 0 0 0 0 0 0 0 0 0 0 0 0 0 0 0 0 0 0 0 0 0 0 0 0 0 0 0 0 0 0 0 0 0 0 0 0 0 0 0 0 0 0 0 0 0 0 0 0 0 0 0 0 0 0 0 0 0 0 0 0 0 0 0 0 0 0 0 0 0 0 0 0 0 0 0 0 0 0 0 0 0 0 0 0 0 0 0 0 0 0 0 0 0 0 0 0 0 0 0 0 0 0 0 0 0 0 0 0 0 0 0 0 0 0 0 0 0 0 0 0 0 0 0 0 0 0 0 0 0 0 0 0 0 0 0 0 0 0 0 0 0 0 0 0 0 0 0 0 0 0 0 0 0 0 0 0 0 0 0 0 0 0 0 0 0 0 0 0 0 0 0 0 0 0 0 0 0 0 0 0 0 0 0 0 0 0 0 0 0 0 0 0 0 0 0 0 0 0 0 0 0 0 0 0 0 0 0 0 0 0 0 0 0 0 0 0 0 0 0 0 0 0 0 0 0 0 0 0 0 0 0 0 0 0 0 0 0 0 0 0 0 0 0 0 0 0 0 0 0 0 0 0 0 0 0 0 0 0 0 0 0 0 0 0 0 0 0 0 0 0 0 0 0 0 0 0 0 0 0 0 0 0 0 0 0 0 0 0 0 0 0 0 0 0 0 0 0 0 0 0 0 0 0 0 0 0 0 0 0 0 0 0 0 0 0 0 0 0 0 0 0 0 0 0 0 0 0 0 0 0 0 0 0 0 0 0 0 0 0 0 0 0 0 0 0 0 0 0 0 0 0 0 0 0 0 0 0 0 0 0 0 0 0 0 0 0 0 0 0 0 0 0 0 0 0 0 0 0 0 0 0 0 0 0 0 0 0 0 0 0 0 0 0 0 0 0 0 0 0 0 0 0 0 0 0 0 0 0 0 0 0 0 0 0 0 0 0 0 0 0 0 0 0 0 0 0 0 0 0 0 0 0 0 0 0 0 0 0 0 0 0 0 0 0 0 0 0 0 0 0 0 0 0 0 0 0 0 0 0 0 0 0 0 0 0 0 0 0 0 0 0 0 0 0 0 0 0 0 0 0 0 0 0 0 0 0 0 0 0 0 0 0 0 0 0 0 0 0 0 0 0 0 0 0 0 0 0 0 0 0 0 0 0 0 0 0 0 0 0 0 0 0 0 0 0 0 0 0 0 0 0 0 0 0 0 0 0 0 0 0 0 0 0 0 0 0 0 0 0 0 0 0 0 0 0 0 0 0 0 0 0 0 0 0 0 0 0 0 0 0 0 0 0 0 0 0 0 0 0 0 0 0 0 0 0 0 0 0 0 0 0 0 0 0 0 0 0 0 0 0 0 0 0 0 0 0 0 0 0 0 0 0 0 0 0 0 0 0 0 0 0 0 0 0 0 0 0 0 0 0 0 0 0 0 0 0 0 0 0 0 0 0 0 0 0 0 0 0 0 0 0 0 0 0 0 0 0 0 0 0 0 0 0 0 0 0 0 0 0 0 0 0 0 0 0 0 0 0 0 0 0 0 0 0 0 0 0 0 0 0 0 0 0 0 0 0 0 0 0 0 0 0 0 0 0 0 0 0 0 0 0 0 0 0 0 0 0 0 0 0 0 0 0 0 0 0 0 0 0 0 0 0 0 0 0 0 0 0 0 0 0 0 0 0 0 0 0 0 0 0 0 0 0 0 0 0 0 0 0 0 0 0 0 0 0 0 0 0 0 0 0 0 0 0 0 0 0 0 0 0 0 0 0 0 0 0 0 0 0 0 0 0 0 0 0 0 0 0 0 0 0 0 0 0 0 0 0 0 0 0 0 0 0 0 0 0 0 0 0 0 0 0 0 0 0 0 0 0 0 0 0 0 0 0 0 0 0 0 0 0 0 0 0 0 0 0 0 0 0 0 0 0 0 0 0 0 0 0 0 0 0 0 0 0 0 0 0 0 0 0 0 0 0 0 0 0 0 0 0 0 0 0 0 0 0 0 0 0 0 0 0 0 0 0 0 0 0 0 0 0 0 0 0 0 0 0 0 0 0 0 0 0 0 0 0 0 0 0 0 0 0 0 0 0 0 0 0 0 0 0 0 0 0 0 0 0 0 0 0 0 0 0 0 0 0 0 0 0 0 0 0 0 0 0 0 0 0 0 0 0 0 0 0 0 0 0 0 0 0 0 0 0 0 0 0 0 0 0 0 0 0 0 0 0 0 0 0 0 0 0 0 0 0 0 0 0 0 0 0 0 0 0 0 0 0 0 0 0 0 0 0 0 0 0 0 0 0 0 0 0 0 0 0 0 0 0 0 0 0 0 0 0 0 0 0 0 0 0 0 0 0 0 0 0 0 0 0 0 0 0 0 0 0 0 0 0 0 0 0 0 0 0 0 0 0 0 0 0 0 0 0 0 0 0 0 0 0 0 0 0 0 0 0 0 0 0 0 0 0 0 0 0 0 0 0 0 0 0 0 0 0 0 0 0 0 0 0 0 0 0 0 0 0 0 0 0 0 0 0 0 0 0 0 0 0 0 0 0 0 0 0 0 0 0 0 0 0 0 0 0 0 0 0 0 0 0 0 0 0 0 0 0 0 0 0 0 0 0 0 0 0 0 0 0 0 0 0 0 0 0 0 0 0 0 0 0 0 0 0 0 0 0 0 0 0 0 0 0 0 0 0 0 0 0 0 0 0 0 0 0 0 0 0 0 0 0 0 0 0 0 0 0 0 0 0 0 0 0 0 0 0 0 0 0 0 0 0 0 0 0 0 0 0 0 0 0 0 0 0 0 0 0 0 0 0 0 0 0 0 0 0 0 0 0 0 0 0 0 0 0 0 0 0 0 0 0 0 0 0 0 0 0 0 0 0 0 0 0 0 0 0 0 0 0 0 0 0 0 0 0 0 0 0 0 0 0 0 0 0 0 0 0 0 0 0 0 0 0 0 0 0 0 0 0 0 0 0 0 0 0 0 0 0 0 0 0 0 0 0 0 0 0 0 0 0 0 0 0 0 0 0 0 0 0 0 0 0 0 0 0 0 0 0 0 0 0 0 0 0 0 0 0 0 0 0 0 0 0 0 0 0 0 0 0 0 0 0 0 0 0 0 0 0 0 0 0 0 0 0 0 0 0 0 0 0 0 0 0 0 0 0 0 0 0 0 0 0 0 0 0 0 0 0 0 0 0 0 0 0 0 0 0 0 0 0 0 0 0 0 0 0 0 0 0 0 0 0 0 0 0 0 0 0 0 0 0 0 0 0 0 0 0 0 0 0 0 0 0 0 0 0 0 0 0 0 0 0 0 0 0 0 0 0 0 0 0 0 0 0 0 0 0 0 0 0 0 0 0 0 0 0 0 0 0 0 0 0 0 0 0 0 0 0 0 0 0 0 0 0 0 0 0 0 0 0 0 0 0 0 0 0 0 0 0 0 0 0 0 0 0 0 0 0 0 0 0 0 0 0 0 0 0 0 0 0 0 0 0 0 0 0 0 0 0 0 0 0 0 0 0 0 0 0 0 0 0 0 0 0 0 0 0 0 0 0 0 0 0 0 0 0 0 0 0 0 0 0 0 0 0 0 0 0 0 0 0 0 0 0 0 0 0 0 0 0 0 0 0 0 0 0 0 0 0 0 0 0 0 0 0 0 0 0 0 0 0 0 0 0 0 0 0 0 0 0 0 0 0 0 0 0 0 0 0 0 0 0 0 0 0 0 0 0 0 0 0 0 0 0 0 0 0 0 0 0 0 0 0 0 0 0 0 0 0 0 0 0 0 0 0 0 0 0 0 0 0 0 0 0 0 0 0 0 0 0 0 0 0 0 0 0 0 0 0 0 0 0 0 0 0 0 0 0 0 0 0 0 0 0 0 0 0 0 0 0 0 0 0 0 0 0 0 0 0 0 0 0 0 0 0 0 0 0 0 0 0 0 0 0 0 0 0 0 0 0 0 0 0 0 0 0 0 0 0 0 0 0 0 0 0 0 0 0 0 0 0 0 0 0 0 0 0 0 0 0 0 0 0 0 0 0 0 0 0 0 0 0 0 0 0 0 0 0 0 0 0 0 0 0 0 0 0 0 0 0 0 0 0 0 0 0 0 0 0 0 0 0 0 0 0 0 0 0 0 0 0 0 0 0 0 0 0 0 0 0 0 0 0 0 0 0 0 0 0 0 0 0 0 0 0 0 0 0 0 0 0 0 0 0 0 0 0 0 0 0 0 0 0 0 0 0 0 0 0 0 0 0 0 0 0 0 0 0 0 0 0 0 0 0 0 0 0 0 0 0 0 0 0 0 0 0 0 0 0 0 0 0 0 0 0 0 0 0 0 0 0 0 0 0 0 0 0 0 0 0 0 0 0 0 0 0 0 0 0 0 0 0 0 0 0 0 0 0 0 0 0 0 0 0 0 0 0 0 0 0 0 0 0 0 0 0 0 0 0 0 0 0 0 0 0 0 0 0 0 0 0 0 0 0 0 0 0 0 0 0 0 0 0 0 0 0 0 0 0 0 0 0 0 0 0 0 0 0 0 0 0 0 0 0 0 0 0 0 0 0 0 0 0 0 0 0 0 0 0 0 0 0 0 0 0 0 0 0 0 0 0 0 0 0 0 0 0 0 0 0 0 0 0 0 0 0 0 0 0 0 0 0 0 0 0 0 0 0 0 0 0 0 0 0 0 0 0 0 0 0 0 0 0 0 0 0 0 0 0 0 0 0 0 0 0 0 0 0 0 0 0 0 0 0 0 0 0 0 0 0 0 0 0 0 0 0 0 0 0 0 0 0 0 0 0 0 0 0 0 0 0 0 0 0 0 0 0 0 0 0 0 0 0 0 0 0 0 0 0 0 0 0 0 0 0 0 0 0 0 0 0 0 0 0 0 0 0 0 0 0 0 0 0 0 0 0 0 0 0 0 0 0 0 0 0 0 0 0 0 0 0 0 0 0 0 0 0 0 0 0 0 0 0 0 0 0 0 0 0 0 0 0 0 0 0 0 0 0 0 0 0 0 0 0 0 0 0 0 0 0 0 0 0 0 0 0 0 0 0 0 0 0 0 0 0 0 0 0 0 0 0 0 0 0 0 0 0 0 0 0 0 0 0 0 0 0 0 0 0 0 0 0 0 157 26 60 140 49 90 39 8 0 64 3 0 0 0 0 168 255 189 39 4 0 161 175 8 0 162 175 12 0 163 175 16 0 164 175 20 0 165 175 24 0 166 175 28 0 167 175 32 0 168 175 36 0 169 175 40 0 170 175 44 0 171 175 48 0 172 175 52 0 173 175 56 0 174 175 60 0 175 175 64 0 184 175 68 0 185 175 72 0 191 175 18 64 0 0 76 0 168 175 16 64 0 0 80 0 168 175 0 157 26 60 148 59 90 39 0 0 0 0 0 104 4 64 0 96 5 64 9 248 64 3 0 0 0 0 80 0 168 143 17 0 0 1 76 0 168 143 19 0 0 1 4 0 161 143 8 0 162 143 12 0 163 143 16 0 164 143 20 0 165 143 24 0 166 143 28 0 167 143 32 0 168 143 36 0 169 143 40 0 170 143 44 0 171 143 48 0 172 143 52 0 173 143 56 0 174 143 60 0 175 143 64 0 184 143 68 0 185 143 72 0 191 143 88 0 189 39 192 0 0 0 24 0 0 66 0 128 2 60 84 1 67 140 84 1 68 172 8 0 224 3 0 0 131 172 0 157 26 60 180 48 90 39 8 0 64 3 0 0 0 0 248 255 189 39 4 0 191 175 0 104 2 64 0 8 3 60 37 16 67 0 0 104 130 64 192 0 0 0 1 0 3 36 129 191 2 60 68 0 67 172 33 16 0 0 0 72 130 64 192 0 0 0 16 128 130 143 0 88 130 64 192 0 0 0 0 104 2 64 196 222 2 124 0 104 130 64 192 0 0 0 4 0 191 143 8 0 224 3 8 0 189 39 0 157 26 60 184 59 90 39 8 0 64 3 0 0 0 0 0 0 0 0 0 157 26 60 16 16 90 39 8 0 64 3 0 0 0 0 232 255 189 39 20 0 191 175 0 128 3 60 84 1 98 140 14 0 64 16 0 0 0 0 0 0 68 140 84 1 100 172 255 255 3 36 3 0 67 16 20 0 191 143 8 0 224 3 24 0 189 39 233 102 4 36 0 128 3 60 88 1 100 172 20 0 191 143 8 0 224 3 24 0 189 39 73 14 64 15 32 0 4 36 109 4 64 11 255 255 3 36 8 0 224 3 0 0 0 0 8 0 224 3 0 0 0 0 0 0 0 0 0 0 2 60 0 0 66 36 7 0 64 16 0 0 2 60 0 0 66 36 5 0 64 80 0 157 2 60 63 0 0 112 8 0 224 3 0 0 0 0 0 157 2 60 192 57 66 36 3 0 64 16 0 0 0 0 9 248 64 0 0 0 0 0 8 0 224 3 0 0 0 0 184 255 189 39 68 0 191 175 64 0 190 175 60 0 183 175 56 0 182 175 52 0 181 175 48 0 180 175 44 0 179 175 40 0 178 175 36 0 177 175 32 0 176 175 33 136 128 0 33 240 160 0 80 0 166 175 33 128 0 0 0 157 18 60 177 46 82 38 0 0 196 131 1 0 211 39 41 0 128 16 18 0 164 163 37 0 2 36 28 0 130 20 2 0 194 39 33 160 0 0 43 0 4 36 45 0 5 36 48 0 7 36 32 0 6 36 255 255 83 128 255 255 94 36 12 0 100 18 44 0 99 42 13 0 96 20 0 0 0 0 130 0 101 82 8 0 148 54 36 0 103 22 1 0 66 36 4 0 148 54 255 255 83 128 255 255 94 36 246 255 100 22 44 0 99 42 2 0 148 54 186 4 64 11 1 0 66 36 26 0 102 22 1 0 66 36 186 4 64 11 1 0 148 54 200 10 64 15 33 40 32 2 255 255 3 36 218 255 67 16 33 240 96 2 1 0 16 38 0 0 100 130 1 0 211 39 217 255 128 20 18 0 164 163 33 16 0 2 68 0 191 143 64 0 190 143 60 0 183 143 56 0 182 143 52 0 181 143 48 0 180 143 44 0 179 143 40 0 178 143 36 0 177 143 32 0 176 143 8 0 224 3 72 0 189 39 33 16 83 2 0 0 66 144 2 0 132 50 254 0 131 50 11 160 100 0 8 0 132 50 251 0 131 50 4 0 66 48 33 40 192 3 84 0 64 16 11 160 100 0 234 4 64 11 33 16 0 0 33 152 96 0 1 0 222 39 0 0 195 131 64 40 2 0 192 16 2 0 33 32 67 2 0 0 132 144 33 16 162 0 33 152 83 0 4 0 132 48 245 255 128 20 208 255 98 38 46 0 4 36 74 0 100 16 33 176 0 0 108 0 5 36 76 0 6 36 16 0 7 36 109 0 100 40 101 1 101 16 1 0 222 39 87 0 128 20 117 0 4 36 103 1 100 16 120 0 4 36 117 0 100 16 115 0 4 36 100 0 100 16 18 0 163 163 18 0 183 39 1 0 21 36 3 0 192 18 8 0 148 50 43 24 213 2 11 168 195 2 43 152 162 2 35 16 85 0 255 0 148 50 10 16 19 0 34 0 128 18 33 152 64 0 255 255 182 38 28 5 64 11 255 255 21 36 0 0 68 128 1 0 247 38 200 10 64 15 255 255 214 38 39 16 2 0 43 16 2 0 33 128 2 2 33 16 224 2 247 255 213 22 33 40 32 2 132 255 128 82 0 0 196 131 42 5 64 11 32 0 4 36 200 10 64 15 255 255 115 38 39 16 2 0 43 16 2 0 33 128 2 2 32 0 4 36 33 40 32 2 248 255 96 22 0 0 0 0 164 4 64 11 0 0 196 131 200 10 64 15 255 255 115 38 39 16 2 0 43 16 2 0 33 128 2 2 32 0 4 36 249 255 96 22 33 40 32 2 18 5 64 11 255 255 19 36 186 4 64 11 1 0 66 36 42 0 2 36 48 1 98 18 46 0 4 36 33 24 96 2 33 16 0 0 184 255 100 20 33 176 0 0 1 0 195 131 42 0 4 36 79 1 100 16 33 32 67 2 0 0 132 144 4 0 132 48 176 255 128 16 1 0 222 39 64 80 22 0 192 176 22 0 1 0 222 39 33 176 86 1 33 176 195 2 0 0 195 131 33 32 67 2 0 0 132 144 4 0 132 48 246 255 128 20 208 255 214 38 249 4 64 11 108 0 5 36 11 1 102 16 99 0 4 36 239 0 100 80 80 0 163 143 171 255 96 84 18 0 163 163 33 16 0 2 68 0 191 143 64 0 190 143 60 0 183 143 56 0 182 143 52 0 181 143 48 0 180 143 44 0 179 143 40 0 178 143 36 0 177 143 32 0 176 143 8 0 224 3 72 0 189 39 80 0 163 143 0 0 101 140 4 0 102 36 48 1 160 16 33 184 160 0 0 0 163 128 49 1 96 16 1 0 163 36 35 168 101 0 1 0 99 36 255 255 100 128 253 255 128 84 35 168 101 0 8 5 64 11 80 0 166 175 18 0 163 163 128 0 148 54 120 0 7 36 16 0 131 50 127 0 96 16 80 0 163 143 80 0 164 143 0 0 151 140 4 0 132 36 80 0 164 175 1 0 227 46 192 0 132 50 10 176 118 0 128 0 3 36 126 0 131 16 24 0 164 175 192 0 3 36 29 0 131 20 42 24 246 0 10 0 227 46 1 0 4 36 22 1 96 20 18 0 164 163 0 157 3 60 96 51 106 36 3 0 3 36 2 0 7 36 21 0 11 36 4 0 68 141 1 0 101 36 32 52 3 124 13 0 128 20 255 0 163 48 0 0 68 141 43 32 228 2 9 0 128 20 8 0 74 37 253 0 107 80 18 0 166 163 33 56 192 0 4 0 68 141 1 0 101 36 32 52 3 124 245 255 128 16 255 0 163 48 18 0 167 163 42 24 246 0 82 0 96 16 42 24 199 2 32 60 22 124 18 0 167 163 5 0 64 16 42 24 226 0 3 0 131 50 43 24 3 0 35 16 67 0 42 24 226 0 113 0 96 84 4 0 131 50 4 0 130 50 241 0 64 16 8 0 130 50 33 152 0 0 2 0 130 50 187 0 64 16 1 0 130 50 1 0 132 50 45 0 2 36 43 0 3 36 10 16 100 0 33 32 64 0 200 10 64 15 33 40 32 2 39 16 2 0 43 16 2 0 33 128 2 2 10 0 96 82 8 0 148 50 48 0 4 36 200 10 64 15 33 40 32 2 39 16 2 0 43 16 2 0 255 255 115 38 249 255 96 22 33 128 2 2 8 0 148 50 255 0 148 50 28 0 180 175 33 168 192 2 255 255 203 38 192 160 11 0 0 157 2 60 80 51 66 36 33 160 84 0 128 176 11 0 19 0 160 18 28 0 164 143 24 0 163 143 128 0 4 36 159 0 100 16 192 0 2 36 33 32 224 2 167 0 98 16 33 40 0 0 18 0 164 131 200 10 64 15 33 40 32 2 39 16 2 0 43 16 2 0 33 128 2 2 255 255 181 38 248 255 148 38 240 255 160 22 252 255 214 38 28 0 164 143 183 254 128 80 0 0 196 131 181 254 96 90 0 0 196 131 32 0 4 36 200 10 64 15 33 40 32 2 39 16 2 0 43 16 2 0 255 255 115 38 249 255 96 22 33 128 2 2 164 4 64 11 0 0 196 131 171 5 64 11 11 176 227 0 0 0 119 140 4 0 99 36 80 0 163 175 1 0 227 46 192 0 132 50 10 176 118 0 128 0 3 36 132 255 131 20 24 0 164 175 16 0 227 46 1 0 4 36 156 0 96 20 18 0 164 163 3 0 3 36 2 0 19 36 0 1 4 36 33 40 0 0 17 0 11 36 1 0 102 36 43 96 228 2 2 87 4 0 32 60 3 124 13 0 160 20 255 0 195 48 12 0 128 85 18 0 179 163 0 33 4 0 141 255 107 16 33 40 64 1 33 152 224 0 1 0 102 36 43 96 228 2 2 87 4 0 32 60 3 124 245 255 160 16 255 0 195 48 18 0 179 163 166 5 64 11 33 56 96 2 147 255 96 20 35 152 71 0 8 0 130 50 255 0 66 48 11 0 96 18 28 0 162 175 10 0 64 20 2 0 130 50 32 0 4 36 200 10 64 15 33 40 32 2 39 16 2 0 43 16 2 0 255 255 115 38 249 255 96 22 33 128 2 2 2 0 130 50 67 0 64 80 1 0 148 50 1 0 132 50 43 0 2 36 45 0 3 36 11 16 100 0 33 32 64 0 200 10 64 15 33 40 32 2 39 16 2 0 43 16 2 0 33 128 2 2 33 168 192 2 255 255 203 38 192 160 11 0 0 157 2 60 80 51 66 36 33 160 84 0 216 5 64 11 128 176 11 0 0 0 100 140 16 0 134 50 4 0 103 36 195 47 4 0 0 46 5 0 2 26 4 0 37 24 163 0 32 44 3 124 12 0 192 16 18 0 165 163 1 0 99 36 255 0 99 48 2 0 99 44 8 0 96 84 16 0 164 163 16 0 165 163 17 0 164 163 2 0 21 36 16 0 183 39 8 5 64 11 80 0 167 175 16 0 164 163 1 0 21 36 16 0 183 39 8 5 64 11 80 0 167 175 16 0 131 50 33 32 0 0 10 32 227 0 37 160 148 0 251 4 64 11 0 0 195 131 18 0 163 163 192 0 148 54 123 5 64 11 117 0 7 36 80 0 163 143 0 0 98 140 1 0 222 39 1 0 163 128 80 0 164 143 4 0 132 36 245 4 64 11 80 0 164 175 79 255 64 16 32 0 4 36 191 5 64 11 0 0 0 0 200 255 128 82 33 168 192 2 59 6 64 11 32 0 4 36 32 0 195 50 6 16 215 2 11 16 3 0 15 0 66 48 0 157 3 60 56 51 99 36 33 16 98 0 0 0 66 128 33 32 64 0 226 5 64 11 18 0 162 163 0 0 134 142 247 8 64 15 4 0 135 142 33 32 64 0 33 40 96 0 10 0 6 36 222 7 64 15 33 56 0 0 48 0 66 36 32 36 2 124 226 5 64 11 18 0 164 163 80 0 163 143 0 0 118 140 2 0 195 131 80 0 164 143 4 0 132 36 80 0 164 175 248 4 64 11 2 0 222 39 166 5 64 11 33 56 192 0 0 157 23 60 48 51 247 38 110 5 64 11 33 40 224 2 80 0 166 175 8 5 64 11 33 168 0 0 166 5 64 11 1 0 7 36 255 0 66 48 28 0 162 175 51 6 64 11 33 152 0 0 16 0 0 128 4 0 0 0 1 0 0 0 160 134 1 0 56 0 0 128 8 0 0 0 0 0 0 0 64 0 0 128 8 0 0 0 0 0 0 0 64 5 129 191 176 1 0 0 1 0 0 0 0 18 0 0 0 18 0 0 0 18 0 0 0 18 0 0 0 18 0 0 0 18 0 0 0 18 0 0 0 18 0 0 0 18 0 0 0 18 0 0 0 18 0 0 0 18 0 0 0 18 0 0 0 18 0 0 0 18 0 0 0 18 0 0 0 18 0 0 0 18 0 0 0 18 0 0 0 18 0 0 0 18 0 0 0 18 0 0 0 18 0 0 0 18 0 0 0 18 0 0 0 18 0 0 0 18 0 0 0 18 0 0 0 18 0 0 0 18 0 0 0 18 0 0 0 18 0 0 0 18 0 0 0 18 0 0 0 18 0 0 0 18 0 0 0 18 0 0 0 18 0 0 0 18 0 0 0 18 0 0 0 18 0 0 0 18 0 0 0 18 0 0 0 18 0 0 0 18 0 0 0 18 0 0 0 18 0 0 0 18 0 0 0 18 0 0 0 18 0 0 0 18 0 0 0 18 0 0 0 18 0 0 0 18 0 0 0 18 0 0 0 18 0 0 0 18 0 0 0 18 0 0 0 18 0 0 0 18 0 0 0 18 0 0 0 18 0 0 0 18 0 0 0 18 0 0 0 18 0 0 0 18 0 0 0 18 0 0 0 18 0 0 0 18 0 0 0 18 0 0 0 18 0 0 0 18 0 0 0 18 0 0 0 18 0 0 0 18 0 0 0 18 0 0 0 18 0 0 0 18 0 0 0 18 0 0 0 18 0 0 0 18 0 0 0 18 0 0 0 18 0 0 0 18 0 0 0 18 0 0 0 18 0 0 0 18 0 0 0 18 0 0 0 18 0 0 0 18 0 0 0 18 0 0 0 18 0 0 0 18 0 0 0 18 0 0 0 18 0 0 0 18 0 0 0 18 0 0 0 18 0 0 0 18 0 0 0 18 0 0 0 18 0 0 0 18 0 0 0 18 0 0 0 18 0 0 0 18 0 0 0 18 0 0 0 18 0 0 0 18 0 0 244 6 129 191 72 1 0 0 1 0 0 0 0 18 0 0 0 18 0 0 0 18 0 0 0 18 0 0 0 18 0 0 0 18 0 0 0 18 0 0 0 18 0 0 0 18 0 0 0 18 0 0 0 18 0 0 0 18 0 0 0 18 0 0 0 18 0 0 0 18 0 0 0 18 0 0 0 18 0 0 0 18 0 0 0 18 0 0 0 18 0 0 0 18 0 0 0 18 0 0 0 18 0 0 0 18 0 0 0 18 0 0 0 18 0 0 0 18 0 0 0 18 0 0 0 18 0 0 0 18 0 0 0 18 0 0 0 18 0 0 0 18 0 0 0 18 0 0 0 18 0 0 0 18 0 0 0 18 0 0 0 18 0 0 0 18 0 0 0 18 0 0 0 18 0 0 0 18 0 0 0 18 0 0 0 18 0 0 0 18 0 0 0 18 0 0 0 18 0 0 0 18 0 0 0 18 0 0 0 18 0 0 0 18 0 0 0 18 0 0 0 18 0 0 0 18 0 0 0 18 0 0 0 18 0 0 0 18 0 0 0 18 0 0 0 18 0 0 0 18 0 0 0 18 0 0 0 18 0 0 0 18 0 0 0 18 0 0 0 18 0 0 0 18 0 0 0 18 0 0 0 18 0 0 0 18 0 0 0 18 0 0 0 18 0 0 0 18 0 0 0 18 0 0 0 18 0 0 0 18 0 0 0 18 0 0 0 18 0 0 0 18 0 0 0 18 0 0 0 18 0 0 0 18 0 0 0 18 0 0 64 8 129 191 12 0 0 0 1 0 0 0 0 18 0 0 0 18 0 0 0 18 0 0 80 8 129 191 4 0 0 0 1 0 0 0 0 18 0 0 88 8 129 191 20 0 0 0 1 0 0 0 0 18 0 0 0 18 0 0 0 18 0 0 0 18 0 0 0 18 0 0 116 8 129 191 24 0 0 0 1 0 0 0 0 18 0 0 0 18 0 0 0 18 0 0 0 18 0 0 0 18 0 0 0 18 0 0 148 8 129 191 4 0 0 0 1 0 0 0 0 18 0 0 20 0 0 128 36 0 0 0 1 0 0 0 255 255 255 255 255 255 255 255 1 0 0 0 255 255 255 255 255 255 255 255 1 0 0 0 255 255 255 255 255 255 255 255 1 0 0 0 72 0 0 128 164 0 0 0 1 0 0 0 76 0 0 128 12 1 0 128 0 0 0 0 12 1 0 128 9 0 0 0 32 0 0 0 236 0 0 128 0 0 0 0 236 0 0 128 14 2 1 0 0 0 0 0 0 0 0 0 0 0 0 0 0 0 0 0 6 2 2 0 0 0 0 0 0 0 0 0 0 0 0 0 0 0 0 0 0 0 0 0 0 0 0 0 0 0 0 0 0 0 0 0 0 0 0 0 0 0 0 0 0 0 0 0 0 0 0 0 0 0 0 0 0 0 0 0 0 0 0 0 0 0 0 0 0 0 0 0 0 0 0 0 0 0 0 0 0 0 0 0 0 0 0 0 0 0 0 0 0 0 0 0 0 0 0 0 0 0 0 0 0 0 0 0 236 0 0 128 68 0 0 0 0 0 0 0 84 1 0 128 4 0 0 0 0 0 0 0 88 1 0 128 4 0 0 0 0 0 0 0 48 1 0 128 36 0 0 0 0 0 0 0 0 0 0 0 34 34 34 34 34 34 34 34 33 64 192 0 33 72 128 0 59 0 224 20 33 24 160 0 43 16 166 0 72 0 64 16 32 16 194 112 8 0 64 80 2 52 8 0 35 24 2 0 4 40 69 0 6 24 100 0 4 64 70 0 37 24 101 0 4 72 68 0 2 52 8 0 27 0 102 0 244 1 192 0 16 32 0 0 18 88 0 0 255 255 12 49 2 84 9 0 2 88 108 113 0 36 4 0 37 80 138 0 43 104 75 1 27 0 102 0 244 1 192 0 9 0 160 81 35 80 75 1 33 80 72 1 43 24 72 1 5 0 96 84 35 80 75 1 43 32 75 1 33 24 72 1 11 80 100 0 35 80 75 1 255 255 35 49 27 0 70 1 244 1 192 0 16 72 0 0 18 32 0 0 2 32 140 112 0 76 9 0 37 72 35 1 43 24 36 1 27 0 70 1 244 1 192 0 9 0 96 80 35 72 36 1 33 72 40 1 43 24 40 1 5 0 96 84 35 72 36 1 43 24 36 1 33 64 40 1 11 72 3 1 35 72 36 1 6 16 73 0 8 0 224 3 33 24 0 0 43 16 167 0 71 0 64 20 32 80 234 112 72 0 64 21 32 0 11 36 43 16 229 0 5 0 64 20 35 16 134 0 43 64 134 0 137 0 0 21 33 16 128 0 35 16 134 0 35 40 167 0 43 32 130 0 8 0 224 3 35 24 164 0 6 0 192 20 32 16 2 113 1 0 2 36 27 0 70 0 244 1 192 0 18 64 0 0 32 16 2 113 125 0 64 84 4 64 72 0 35 40 168 0 2 28 8 0 255 255 7 49 2 36 9 0 27 0 163 0 244 1 96 0 16 80 0 0 18 48 0 0 2 48 199 112 0 84 10 0 37 32 68 1 43 80 134 0 27 0 163 0 244 1 96 0 9 0 64 81 35 32 134 0 33 32 136 0 43 40 136 0 5 0 160 84 35 32 134 0 43 80 134 0 33 40 136 0 11 32 170 0 35 32 134 0 255 255 38 49 27 0 131 0 244 1 96 0 16 72 0 0 18 40 0 0 2 40 167 112 0 76 9 0 37 72 38 1 43 48 37 1 27 0 131 0 244 1 96 0 9 0 192 80 35 72 37 1 33 72 40 1 43 24 40 1 5 0 96 84 35 72 37 1 43 24 37 1 33 64 40 1 11 72 3 1 35 72 37 1 6 16 73 0 8 0 224 3 33 24 0 0 33 16 128 0 8 0 224 3 33 24 160 0 35 88 106 1 4 56 71 1 6 16 102 1 37 56 71 0 6 104 101 1 2 76 7 0 27 0 169 1 244 1 32 1 16 96 0 0 18 24 0 0 255 255 238 48 4 40 69 1 6 16 100 1 37 16 69 0 2 44 2 0 4 48 70 1 18 64 0 0 2 120 110 112 0 100 12 0 37 96 133 1 43 40 143 1 27 0 169 1 244 1 32 1 10 0 160 16 4 32 68 1 33 96 135 1 43 40 135 1 6 0 160 20 255 255 104 36 43 40 143 1 4 0 160 80 35 96 143 1 254 255 104 36 33 96 135 1 35 96 143 1 255 255 66 48 27 0 137 1 244 1 32 1 16 40 0 0 18 24 0 0 18 104 0 0 2 112 110 112 0 44 5 0 37 16 162 0 43 40 78 0 27 0 137 1 244 1 32 1 6 0 160 80 0 68 8 0 33 16 71 0 43 40 71 0 76 0 160 16 255 255 109 36 0 68 8 0 37 64 168 1 35 16 78 0 25 0 6 1 16 72 0 0 43 24 73 0 62 0 96 20 18 64 0 0 75 0 73 16 35 24 73 0 18 48 0 0 35 48 134 0 43 32 134 0 35 24 100 0 4 16 99 1 6 48 70 1 37 16 70 0 6 24 67 1 8 0 224 3 0 0 0 0 32 0 9 36 35 72 34 1 6 80 37 1 2 28 8 0 27 0 67 1 244 1 96 0 16 48 0 0 18 88 0 0 255 255 7 49 4 40 69 0 6 72 36 1 37 40 37 1 2 100 5 0 4 72 68 0 2 88 103 113 0 52 6 0 37 48 134 1 43 32 203 0 27 0 67 1 244 1 96 0 6 0 128 80 35 48 203 0 33 48 200 0 43 32 200 0 36 0 128 16 43 80 203 0 35 48 203 0 255 255 170 48 27 0 195 0 244 1 96 0 16 32 0 0 18 40 0 0 2 40 167 112 0 36 4 0 37 32 138 0 43 80 133 0 27 0 195 0 244 1 96 0 96 255 64 81 35 40 133 0 33 32 136 0 43 48 136 0 92 255 192 84 35 40 133 0 43 80 133 0 33 48 136 0 11 32 202 0 56 8 64 11 35 40 133 0 35 48 6 1 35 24 39 1 43 64 6 1 35 24 104 0 168 8 64 11 35 24 67 0 43 40 78 0 180 255 160 80 0 68 8 0 254 255 109 36 157 8 64 11 33 16 71 0 33 32 200 0 203 8 64 11 11 48 138 0 43 24 136 0 240 255 96 84 35 48 6 1 18 48 0 0 168 8 64 11 33 24 0 0 33 64 192 0 33 16 128 0 63 0 224 20 33 72 160 0 43 24 166 0 71 0 96 16 32 24 195 112 8 0 96 80 2 28 8 0 35 72 3 0 4 40 101 0 6 72 36 1 4 64 102 0 37 72 37 1 4 16 100 0 2 28 8 0 27 0 35 1 244 1 96 0 16 96 0 0 18 88 0 0 255 255 10 49 2 36 2 0 18 48 0 0 2 56 106 113 0 100 12 0 37 32 132 1 43 96 135 0 27 0 35 1 244 1 96 0 11 0 128 17 35 40 135 0 33 32 136 0 43 40 136 0 6 0 160 20 255 255 102 37 43 40 135 0 4 0 160 16 35 40 135 0 254 255 102 37 33 32 136 0 35 40 135 0 255 255 66 48 27 0 163 0 244 1 96 0 16 72 0 0 18 56 0 0 18 32 0 0 2 80 234 112 0 76 9 0 37 16 34 1 43 72 74 0 27 0 163 0 244 1 96 0 9 0 32 81 0 20 6 0 33 16 72 0 43 64 72 0 4 0 0 21 255 255 228 36 43 80 74 0 254 255 231 36 11 32 234 0 0 20 6 0 37 16 130 0 8 0 224 3 33 24 0 0 43 16 167 0 68 0 64 20 32 64 232 112 69 0 0 85 32 0 2 36 43 40 229 0 200 0 160 20 43 48 134 0 1 0 194 56 8 0 224 3 33 24 0 0 6 0 192 20 32 24 3 113 1 0 3 36 27 0 102 0 244 1 192 0 18 64 0 0 32 24 3 113 123 0 96 84 4 64 104 0 35 32 168 0 2 60 8 0 255 255 11 49 1 0 3 36 2 52 2 0 27 0 135 0 244 1 224 0 16 104 0 0 18 96 0 0 18 72 0 0 2 80 139 113 0 108 13 0 37 48 166 1 43 104 202 0 27 0 135 0 244 1 224 0 9 0 160 17 35 40 202 0 33 48 200 0 43 32 200 0 4 0 128 20 255 255 137 37 43 32 202 0 166 0 128 84 254 255 137 37 35 40 202 0 255 255 66 48 27 0 167 0 244 1 224 0 16 80 0 0 18 48 0 0 18 32 0 0 2 88 203 112 0 84 10 0 37 16 66 1 43 80 75 0 27 0 167 0 244 1 224 0 9 0 64 81 0 20 9 0 33 16 72 0 43 64 72 0 4 0 0 21 255 255 196 36 43 88 75 0 254 255 198 36 11 32 203 0 0 20 9 0 8 0 224 3 37 16 130 0 33 24 0 0 8 0 224 3 33 16 0 0 35 16 72 0 4 56 7 1 6 24 70 0 37 56 103 0 6 80 69 0 2 28 7 0 27 0 67 1 244 1 96 0 16 72 0 0 18 104 0 0 255 255 235 48 4 40 5 1 6 16 68 0 37 40 69 0 2 116 5 0 18 16 0 0 2 96 171 113 0 76 9 0 37 72 46 1 43 112 44 1 27 0 67 1 244 1 96 0 10 0 192 17 4 48 6 1 33 72 39 1 43 80 39 1 6 0 64 21 255 255 162 37 43 80 44 1 4 0 64 81 35 72 44 1 254 255 162 37 33 72 39 1 35 72 44 1 255 255 165 48 27 0 35 1 244 1 96 0 16 104 0 0 18 96 0 0 18 80 0 0 2 88 139 113 0 108 13 0 37 40 165 1 43 104 171 0 27 0 35 1 244 1 96 0 11 0 160 81 0 20 2 0 33 40 167 0 43 24 167 0 6 0 96 20 255 255 138 37 43 24 171 0 4 0 96 80 0 20 2 0 254 255 138 37 33 40 167 0 0 20 2 0 37 16 66 1 35 40 171 0 25 0 70 0 16 56 0 0 43 24 167 0 68 0 96 20 18 48 0 0 63 0 167 16 4 32 4 1 8 0 224 3 33 24 0 0 32 0 2 36 35 16 67 0 6 72 69 0 2 60 8 0 27 0 39 1 244 1 224 0 16 48 0 0 18 96 0 0 255 255 11 49 4 40 101 0 6 16 68 0 37 40 69 0 2 108 5 0 4 16 100 0 18 24 0 0 2 80 139 113 0 52 6 0 37 48 166 1 43 32 202 0 27 0 39 1 244 1 224 0 11 0 128 80 35 48 202 0 33 48 200 0 43 32 200 0 6 0 128 20 255 255 131 37 43 32 202 0 4 0 128 80 35 48 202 0 254 255 131 37 33 48 200 0 35 48 202 0 255 255 172 48 27 0 199 0 244 1 224 0 16 32 0 0 18 80 0 0 18 72 0 0 2 40 75 113 0 36 4 0 37 32 140 0 43 96 133 0 27 0 199 0 244 1 224 0 11 0 128 81 0 28 3 0 33 32 136 0 43 48 136 0 6 0 192 20 255 255 73 37 43 48 133 0 4 0 192 80 0 28 3 0 254 255 73 37 33 32 136 0 0 28 3 0 35 32 133 0 81 9 64 11 37 24 35 1 43 48 134 0 192 255 192 16 0 0 0 0 197 9 64 11 255 255 66 36 33 24 0 0 8 0 224 3 1 0 2 36 102 9 64 11 33 48 200 0 216 255 189 39 36 0 191 175 32 0 180 175 28 0 179 175 24 0 178 175 20 0 177 175 16 0 176 175 0 128 16 60 72 1 2 142 9 0 64 16 0 128 18 60 36 0 191 143 32 0 180 143 28 0 179 143 24 0 178 143 20 0 177 143 16 0 176 143 8 0 224 3 40 0 189 39 80 1 67 142 61 0 96 80 0 128 3 60 0 128 19 60 76 1 98 142 59 0 64 80 0 0 4 60 130 143 3 0 130 167 2 0 0 224 101 124 2 0 49 58 0 224 68 124 2 0 148 58 10 24 177 0 33 136 96 0 10 16 148 0 200 14 64 15 33 160 64 0 0 0 67 140 4 0 68 140 43 16 35 2 36 0 64 16 33 32 100 0 0 128 2 60 72 0 66 36 0 224 66 124 43 16 98 0 221 255 64 20 36 0 191 143 43 16 131 2 5 0 64 20 43 16 100 0 43 16 132 2 4 0 64 84 33 32 128 2 43 16 100 0 212 255 64 16 36 0 191 143 0 128 2 60 72 0 66 36 66 23 2 0 5 0 5 36 27 0 69 20 4 0 5 36 0 160 2 60 37 24 98 0 37 32 130 0 80 1 67 174 76 1 100 174 72 1 3 174 36 0 191 143 32 0 180 143 28 0 179 143 24 0 178 143 20 0 177 143 16 0 176 143 8 0 224 3 40 0 189 39 43 16 36 2 220 255 64 16 0 128 2 60 61 10 64 11 33 24 32 2 35 10 64 11 96 1 99 36 0 2 132 36 0 128 2 60 96 1 66 36 39 10 64 11 33 16 68 0 7 0 69 20 0 128 2 60 37 24 98 0 37 16 130 0 80 1 67 174 76 1 98 174 82 10 64 11 72 1 3 174 80 1 68 174 33 24 128 0 82 10 64 11 72 1 3 174 10 13 35 35 35 35 35 35 35 32 65 112 112 108 105 99 97 116 105 111 110 32 114 117 110 110 105 110 103 32 102 114 111 109 32 80 114 111 103 114 97 109 32 70 108 97 115 104 32 66 65 78 75 32 49 32 35 35 35 35 35 35 35 10 13 0 0 0 10 13 35 35 35 35 35 35 35 32 65 112 112 108 105 99 97 116 105 111 110 32 114 117 110 110 105 110 103 32 102 114 111 109 32 80 114 111 103 114 97 109 32 70 108 97 115 104 32 66 65 78 75 32 50 32 32 35 35 35 35 35 35 35 10 13 0 0 10 13 35 35 35 35 35 35 35 32 80 114 101 115 115 32 97 110 100 32 72 111 108 100 32 116 104 101 32 83 119 105 116 99 104 32 116 111 32 116 114 105 103 103 101 114 32 66 111 111 116 108 111 97 100 101 114 32 35 35 35 35 35 35 35 10 13 0 10 13 35 35 35 35 35 35 35 32 66 111 111 116 108 111 97 100 101 114 32 84 114 105 103 103 101 114 101 100 32 35 35 35 35 35 35 35 10 13 0 0 0 0 10 13 35 35 35 35 35 35 35 32 68 105 115 99 111 110 110 101 99 116 32 99 111 110 115 111 108 101 32 116 111 32 112 114 111 103 114 97 109 32 110 101 119 32 102 105 114 109 119 97 114 101 32 105 110 32 111 116 104 101 114 32 66 97 110 107 32 102 114 111 109 32 66 111 111 116 108 111 97 100 101 114 32 35 35 35 35 35 35 35 10 13 0 0 0 0 224 255 189 39 28 0 191 175 24 0 177 175 20 0 176 175 12 0 162 148 2 0 67 48 72 0 96 16 33 128 160 0 0 2 67 48 28 0 96 16 4 0 163 140 0 2 69 52 12 0 5 166 28 0 96 16 255 0 145 48 10 0 4 36 31 0 36 18 128 0 66 48 16 0 2 142 54 0 98 16 1 0 99 36 0 0 2 142 1 0 68 36 0 0 4 174 4 0 3 174 0 0 81 160 1 0 3 36 0 128 2 60 44 1 67 160 10 0 2 36 24 0 34 82 12 0 3 150 33 16 32 2 28 0 191 143 24 0 177 143 20 0 176 143 8 0 224 3 32 0 189 39 40 0 96 20 0 2 69 52 12 0 5 166 255 0 145 48 8 0 4 142 0 0 4 174 10 0 4 36 229 255 36 86 16 0 2 142 128 0 66 48 226 255 64 84 16 0 2 142 13 0 4 36 200 10 64 15 33 40 0 2 218 10 64 11 4 0 3 142 0 1 99 48 232 255 96 16 10 0 2 36 14 0 4 150 8 0 5 142 166 13 64 15 4 0 6 142 4 0 3 142 6 0 67 80 8 0 3 142 12 0 2 150 255 255 17 36 48 0 66 52 12 0 2 166 8 0 3 142 4 0 0 174 33 16 32 2 233 10 64 11 0 0 3 174 32 36 17 124 25 11 64 15 33 40 0 2 234 10 64 11 28 0 191 143 233 10 64 11 255 255 2 36 232 255 189 39 20 0 191 175 16 0 176 175 33 128 160 0 12 0 162 148 64 0 67 48 28 0 96 20 24 0 164 163 2 0 67 48 61 0 96 80 48 0 66 52 16 0 163 140 27 0 96 80 14 0 164 148 8 0 165 140 45 0 160 80 0 128 5 60 4 0 6 142 166 13 64 15 14 0 4 150 8 0 2 142 24 0 163 131 1 0 68 36 255 255 5 36 4 0 5 174 0 0 4 174 0 0 67 160 24 0 162 131 10 0 3 36 19 0 67 80 12 0 3 150 20 0 191 143 16 0 176 143 8 0 224 3 24 0 189 39 32 20 4 124 20 0 191 143 16 0 176 143 8 0 224 3 24 0 189 39 24 0 165 39 166 13 64 15 1 0 6 36 4 0 0 174 24 0 162 131 20 0 191 143 16 0 176 143 8 0 224 3 24 0 189 39 0 1 99 48 237 255 96 16 20 0 191 143 14 0 4 150 8 0 5 142 166 13 64 15 4 0 6 142 8 0 3 142 24 0 162 131 4 0 0 174 56 11 64 11 0 0 3 174 236 0 165 36 32 0 3 36 8 0 66 52 8 0 5 174 0 0 5 174 16 0 3 174 4 0 3 174 12 0 2 166 43 11 64 11 32 0 6 36 12 0 162 164 4 0 160 172 56 11 64 11 255 255 2 36 232 255 189 39 20 0 191 175 68 128 130 143 1 0 3 36 27 0 67 80 134 191 2 60 5 0 64 16 2 0 3 36 35 0 67 80 0 157 4 60 170 11 64 11 20 0 191 143 93 14 64 15 232 3 4 36 128 191 2 60 0 6 66 140 128 0 66 48 6 0 64 84 0 157 4 60 0 157 4 60 129 14 64 15 200 41 132 36 127 11 64 11 0 157 4 60 129 14 64 15 12 42 132 36 0 157 4 60 129 14 64 15 80 42 132 36 1 0 2 36 169 11 64 11 68 128 130 175 32 1 66 140 0 3 66 124 2 0 64 20 2 0 2 36 68 128 130 175 93 14 64 15 232 3 4 36 4 0 3 36 134 191 2 60 60 7 67 172 170 11 64 11 20 0 191 143 129 14 64 15 148 42 132 36 0 157 4 60 129 14 64 15 192 42 132 36 0 160 2 60 72 80 3 60 77 67 99 36 0 0 67 172 4 0 67 172 8 0 67 172 12 0 67 172 128 191 2 60 48 0 64 172 153 170 3 60 85 102 99 36 48 0 67 172 102 85 3 60 170 153 99 52 48 0 67 172 1 0 3 36 128 191 2 60 88 18 67 172 128 191 2 60 80 18 66 140 20 0 191 143 8 0 224 3 24 0 189 39 0 32 32 32 32 32 32 32 32 32 40 40 40 40 40 32 32 32 32 32 32 32 32 32 32 32 32 32 32 32 32 32 32 128 16 16 16 16 16 16 16 16 16 16 16 16 16 16 16 4 4 4 4 4 4 4 4 4 4 16 16 16 16 16 16 16 65 65 65 65 65 65 1 1 1 1 1 1 1 1 1 1 1 1 1 1 1 1 1 1 1 1 16 16 16 16 16 16 66 66 66 66 66 66 2 2 2 2 2 2 2 2 2 2 2 2 2 2 2 2 2 2 2 2 16 16 16 16 32 0 0 0 0 0 0 0 0 0 0 0 0 0 0 0 0 0 0 0 0 0 0 0 0 0 0 0 0 0 0 0 0 0 0 0 0 0 0 0 0 0 0 0 0 0 0 0 0 0 0 0 0 0 0 0 0 0 0 0 0 0 0 0 0 0 0 0 0 0 0 0 0 0 0 0 0 0 0 0 0 0 0 0 0 0 0 0 0 0 0 0 0 0 0 0 0 0 0 0 0 0 0 0 0 0 0 0 0 0 0 0 0 0 0 0 0 0 0 0 0 0 0 0 0 0 0 0 0 0 0 0 224 255 189 39 28 0 191 175 24 0 176 175 4 0 3 36 27 0 195 16 33 128 128 0 0 1 2 36 8 0 194 16 0 0 0 0 6 0 192 16 0 0 0 0 255 255 2 36 28 0 191 143 24 0 176 143 8 0 224 3 32 0 189 39 34 0 160 80 8 0 5 142 12 0 2 150 8 0 66 52 255 255 66 48 251 254 66 48 37 48 70 0 8 0 5 174 16 0 7 174 12 0 6 166 4 0 0 174 33 16 0 0 28 0 191 143 24 0 176 143 8 0 224 3 32 0 189 39 12 0 130 148 8 0 67 48 8 0 96 84 247 254 66 48 8 0 132 140 5 0 128 80 247 254 66 48 59 4 64 15 0 0 0 0 12 0 2 150 247 254 66 48 4 0 66 52 0 0 0 174 8 0 0 174 12 0 2 166 16 0 0 174 4 0 0 174 9 12 64 11 33 16 0 0 4 0 160 16 0 0 0 0 16 0 7 142 2 12 64 11 12 0 2 150 100 4 64 15 16 0 166 175 33 40 64 0 207 255 64 16 16 0 166 143 12 0 2 150 2 12 64 11 32 0 7 36 168 255 189 39 4 0 161 175 8 0 162 175 12 0 163 175 16 0 164 175 20 0 165 175 24 0 166 175 28 0 167 175 32 0 168 175 36 0 169 175 40 0 170 175 44 0 171 175 48 0 172 175 52 0 173 175 56 0 174 175 60 0 175 175 64 0 184 175 68 0 185 175 72 0 191 175 18 64 0 0 76 0 168 175 16 64 0 0 80 0 168 175 0 104 4 64 0 96 5 64 0 157 2 60 220 59 66 36 9 248 64 0 0 0 0 0 80 0 168 143 17 0 0 1 76 0 168 143 19 0 0 1 4 0 161 143 8 0 162 143 12 0 163 143 16 0 164 143 20 0 165 143 24 0 166 143 28 0 167 143 32 0 168 143 36 0 169 143 40 0 170 143 44 0 171 143 48 0 172 143 52 0 173 143 56 0 174 143 60 0 175 143 64 0 184 143 68 0 185 143 72 0 191 143 88 0 189 39 192 0 0 0 24 0 0 66 168 255 189 39 4 0 161 175 8 0 162 175 12 0 163 175 16 0 164 175 20 0 165 175 24 0 166 175 28 0 167 175 32 0 168 175 36 0 169 175 40 0 170 175 44 0 171 175 48 0 172 175 52 0 173 175 56 0 174 175 60 0 175 175 64 0 184 175 68 0 185 175 72 0 191 175 18 64 0 0 76 0 168 175 16 64 0 0 80 0 168 175 0 104 4 64 0 96 5 64 0 157 2 60 0 60 66 36 9 248 64 0 0 0 0 0 80 0 168 143 17 0 0 1 76 0 168 143 19 0 0 1 4 0 161 143 8 0 162 143 12 0 163 143 16 0 164 143 20 0 165 143 24 0 166 143 28 0 167 143 32 0 168 143 36 0 169 143 40 0 170 143 44 0 171 143 48 0 172 143 52 0 173 143 56 0 174 143 60 0 175 143 64 0 184 143 68 0 185 143 72 0 191 143 88 0 189 39 192 0 0 0 24 0 0 66 224 255 189 39 28 0 191 175 24 0 176 175 0 128 16 60 72 1 2 142 16 0 64 16 0 0 0 0 27 0 128 24 33 24 68 0 43 32 98 0 17 0 128 84 12 0 3 36 0 128 4 60 76 1 132 140 43 32 131 0 12 0 128 84 12 0 3 36 72 1 3 174 28 0 191 143 24 0 176 143 8 0 224 3 32 0 189 39 13 10 64 15 16 0 164 175 72 1 2 142 237 255 64 20 16 0 164 143 12 0 3 36 0 128 2 60 88 1 67 172 255 255 2 36 28 0 191 143 24 0 176 143 8 0 224 3 32 0 189 39 43 32 67 0 5 0 128 20 0 128 4 60 80 1 132 140 43 32 100 0 233 255 128 80 72 1 3 174 22 0 3 36 0 128 2 60 88 1 67 172 255 255 2 36 28 0 191 143 24 0 176 143 8 0 224 3 32 0 189 39 0 0 0 0 40 110 117 108 108 41 0 0 48 49 50 51 52 53 54 55 56 57 97 98 99 100 101 102 0 0 0 0 0 0 0 0 1 0 0 0 0 0 0 0 10 0 0 0 0 0 0 0 100 0 0 0 0 0 0 0 232 3 0 0 0 0 0 0 16 39 0 0 0 0 0 0 160 134 1 0 0 0 0 0 64 66 15 0 0 0 0 0 128 150 152 0 0 0 0 0 0 225 245 5 0 0 0 0 0 202 154 59 0 0 0 0 0 228 11 84 2 0 0 0 0 232 118 72 23 0 0 0 0 16 165 212 232 0 0 0 0 160 114 78 24 9 0 0 0 64 122 16 243 90 0 0 0 128 198 164 126 141 3 0 0 0 193 111 242 134 35 0 0 0 138 93 120 69 99 1 0 0 100 167 179 182 224 13 0 0 232 137 4 35 199 138 0 128 3 64 192 17 99 124 1 0 7 36 41 0 103 20 1 128 2 64 64 46 67 124 0 16 128 64 0 24 128 64 0 40 128 64 0 48 128 64 33 32 0 0 0 128 4 60 0 0 131 64 0 80 132 64 192 0 0 0 2 0 0 66 0 64 132 32 255 255 99 32 249 255 96 20 0 0 0 0 0 189 4 60 120 6 132 52 0 48 132 64 0 189 5 60 112 6 165 36 0 189 6 60 208 6 198 36 33 56 0 0 16 0 166 16 255 1 9 60 0 224 41 53 0 40 137 64 0 0 135 64 0 0 168 140 4 0 169 140 8 0 170 140 0 16 137 64 0 24 138 64 0 80 136 64 192 0 0 0 2 0 0 66 12 0 165 32 1 0 231 32 240 255 0 16 0 0 0 0 8 0 224 3 0 0 0 0 33 16 128 0 38 0 192 16 16 0 202 44 31 0 64 21 255 0 165 48 0 82 5 0 37 40 170 0 0 84 5 0 37 40 170 0 3 0 131 48 5 0 96 16 4 0 7 36 35 56 227 0 35 48 199 0 0 0 133 184 33 32 135 0 15 0 195 48 35 56 195 0 8 0 224 16 33 48 96 0 33 56 228 0 0 0 133 172 4 0 133 172 8 0 133 172 16 0 132 36 251 255 135 20 252 255 133 172 3 0 195 48 35 56 195 0 5 0 224 16 33 48 96 0 33 56 228 0 4 0 132 36 254 255 135 20 252 255 133 172 4 0 192 16 33 56 196 0 1 0 132 36 254 255 135 20 255 255 133 160 8 0 224 3 0 0 0 0 232 255 189 39 20 0 191 175 0 96 98 65 192 0 0 0 0 128 4 60 76 0 132 36 160 14 64 15 33 40 0 0 0 128 4 60 96 0 132 36 160 14 64 15 33 40 0 0 205 13 64 15 0 0 0 0 142 191 2 60 0 0 68 140 3 0 3 36 4 41 100 124 0 0 68 172 0 0 68 140 4 16 100 124 0 0 68 172 128 191 2 60 0 0 68 140 4 41 100 124 0 0 68 172 126 13 64 15 0 0 0 0 145 14 64 15 0 0 0 0 175 14 64 15 0 0 0 0 211 14 64 15 0 0 0 0 24 15 64 15 0 0 0 0 220 14 64 15 0 0 0 0 20 0 191 143 8 0 224 3 24 0 189 39 0 112 2 36 134 191 3 60 4 1 98 172 134 191 3 60 88 1 98 172 64 0 3 36 134 191 2 60 4 6 67 172 134 191 2 60 48 7 64 172 7 0 3 36 134 191 2 60 20 7 67 172 3 0 3 36 134 191 2 60 4 7 67 172 128 191 2 60 48 0 64 172 153 170 3 60 85 102 99 36 48 0 67 172 102 85 3 60 170 153 99 52 48 0 67 172 128 191 3 60 0 0 100 140 68 107 4 124 0 0 100 172 1 0 5 36 128 191 4 60 112 20 133 172 2 0 6 36 128 191 4 60 120 21 134 172 0 0 100 140 68 107 164 124 0 0 100 172 48 0 64 172 8 0 224 3 0 0 0 0 24 0 160 16 33 16 0 0 18 0 192 16 3 0 132 44 18 0 128 16 0 0 0 0 224 255 189 39 28 0 191 175 0 0 2 60 0 0 66 36 16 0 64 16 24 0 176 175 33 32 160 0 33 40 192 0 0 0 0 12 20 0 166 175 20 0 166 143 33 16 192 0 28 0 191 143 24 0 176 143 32 0 189 39 8 0 224 3 0 0 0 0 8 0 224 3 33 16 192 0 8 0 224 3 0 0 0 0 33 128 192 0 0 0 164 128 255 255 16 38 1 0 165 36 16 0 165 175 189 14 64 15 20 0 166 175 16 0 165 143 248 255 0 22 20 0 166 143 184 13 64 11 33 16 192 0 128 191 2 60 48 0 64 172 153 170 3 60 85 102 99 36 48 0 67 172 102 85 3 60 170 153 99 52 48 0 67 172 1 16 4 36 128 191 3 60 64 0 100 172 3 0 4 36 128 191 3 60 80 0 100 172 255 1 4 60 255 1 132 36 128 191 3 60 96 0 100 172 255 1 4 36 128 191 3 60 112 0 100 172 31 48 4 60 61 63 132 36 128 191 3 60 128 0 100 172 131 16 4 60 1 0 132 36 128 191 3 60 144 0 100 172 80 0 4 60 128 191 3 60 160 0 100 172 51 51 3 60 51 51 99 36 48 0 67 172 8 0 224 3 0 0 0 0 26 0 128 16 0 0 0 0 26 0 160 16 33 48 0 0 130 191 3 60 130 191 8 60 6 0 7 36 130 191 9 60 16 34 98 140 0 2 66 48 253 255 64 20 0 0 0 0 0 34 2 141 6 0 66 48 5 0 71 84 0 0 130 144 0 0 130 148 32 34 34 173 8 14 64 11 2 0 132 36 32 34 34 173 1 0 132 36 1 0 198 36 240 255 197 20 1 0 2 36 17 14 64 11 0 0 0 0 8 0 224 3 33 16 0 0 8 0 224 3 1 0 2 36 8 0 224 3 0 0 0 0 33 24 224 3 0 157 8 60 168 26 8 37 0 0 9 141 24 0 32 17 4 0 8 37 0 0 10 141 4 0 8 37 0 0 11 141 9 0 96 17 4 0 8 37 0 0 12 145 255 255 74 37 1 0 8 37 0 0 44 161 251 255 64 21 1 0 41 37 5 0 0 16 0 0 0 0 0 0 32 161 255 255 74 37 253 255 64 21 1 0 41 37 3 0 8 37 252 255 10 36 36 64 72 1 0 0 9 141 231 255 32 21 0 0 0 0 33 248 96 0 8 0 224 3 0 0 0 0 0 0 0 0 0 0 4 60 232 255 189 39 0 0 132 36 3 0 128 16 20 0 191 175 9 248 128 0 0 0 0 0 0 0 132 48 0 0 165 48 0 157 8 60 36 60 8 37 9 248 0 1 0 0 0 0 0 0 2 60 0 0 66 36 3 0 64 16 0 0 0 0 9 248 64 0 0 0 0 0 249 255 0 16 0 0 0 0 224 255 189 39 28 0 191 175 24 0 177 175 20 0 176 175 153 12 64 15 33 136 128 0 7 0 32 26 33 128 64 0 255 255 2 36 4 0 2 18 33 32 0 2 33 40 0 0 43 13 64 15 33 48 32 2 33 16 0 2 28 0 191 143 24 0 177 143 20 0 176 143 8 0 224 3 32 0 189 39 248 255 189 39 4 0 191 175 128 16 4 0 192 25 4 0 35 16 98 0 33 32 68 0 128 16 4 0 33 32 130 0 128 16 4 0 33 32 130 0 64 33 4 0 0 72 3 64 0 72 2 64 35 16 67 0 43 16 68 0 252 255 64 20 4 0 191 143 8 0 224 3 8 0 189 39 0 96 96 65 192 0 0 0 153 170 3 60 128 191 2 60 85 102 99 36 48 0 64 172 48 0 67 172 102 85 3 60 170 153 99 52 48 0 67 172 128 191 2 60 1 0 3 36 88 18 67 172 128 191 2 60 80 18 66 140 114 14 64 11 0 0 0 0 224 255 189 39 28 0 191 175 33 24 128 0 36 0 162 39 36 0 165 175 40 0 166 175 0 128 4 60 96 0 132 36 33 40 96 0 33 48 64 0 44 0 167 175 146 4 64 15 16 0 162 175 28 0 191 143 8 0 224 3 32 0 189 39 248 255 189 39 4 0 191 175 33 16 0 0 0 72 130 64 192 0 0 0 16 128 130 143 0 88 130 64 192 0 0 0 0 104 2 64 196 222 2 124 0 104 130 64 192 0 0 0 4 0 191 143 8 0 224 3 8 0 189 39 232 255 189 39 7 0 160 16 20 0 191 175 33 48 0 0 237 11 64 15 32 0 7 36 20 0 191 143 8 0 224 3 24 0 189 39 4 0 6 36 237 11 64 15 33 56 0 0 20 0 191 143 8 0 224 3 24 0 189 39 8 0 3 36 130 191 2 60 0 34 67 172 0 148 3 52 130 191 2 60 24 34 67 172 216 0 3 36 130 191 2 60 64 34 67 172 0 128 3 52 130 191 2 60 8 34 67 172 8 0 224 3 0 0 0 0 232 255 189 39 20 0 191 175 24 0 164 163 24 0 164 39 242 13 64 15 1 0 5 36 253 255 64 16 24 0 164 39 20 0 191 143 8 0 224 3 24 0 189 39 0 128 3 60 48 1 98 36 1 0 4 36 8 0 68 172 0 128 4 60 96 1 132 36 48 1 100 172 0 0 3 60 0 2 99 36 8 0 224 3 4 0 67 172 134 191 2 60 1 0 3 36 52 7 67 172 2 0 3 36 52 7 67 172 4 0 3 36 52 7 67 172 8 0 224 3 0 0 0 0 0 16 3 36 129 191 2 60 8 0 67 172 84 118 3 60 16 50 99 36 129 191 2 60 16 0 67 172 8 0 224 3 0 0 0 0 248 255 189 39 4 0 191 175 0 104 2 64 128 32 66 124 56 128 130 175 0 112 2 64 60 128 130 175 236 14 64 11 0 0 0 0 248 255 189 39 4 0 191 175 0 104 2 64 128 32 66 124 56 128 130 175 0 112 2 64 60 128 130 175 245 14 64 11 0 0 0 0 248 255 189 39 4 0 191 175 0 104 2 64 128 32 66 124 56 128 130 175 0 112 2 64 60 128 130 175 254 14 64 11 0 0 0 0 248 255 189 39 4 0 191 175 0 104 2 64 128 32 66 124 56 128 130 175 0 112 2 64 60 128 130 175 7 15 64 11 0 0 0 0 232 255 189 39 20 0 191 175 85 13 64 15 33 32 0 0 17 15 64 15 0 0 0 0 13 15 64 11 0 0 0 0 232 255 189 39 20 0 191 175 100 11 64 15 0 0 0 0 20 0 191 143 8 0 224 3 24 0 189 39 232 255 189 39 20 0 191 175 68 4 64 15 68 128 128 175 20 0 191 143 8 0 224 3 24 0 189 39 0 96 26 64 191 255 27 60 255 255 123 55 36 208 91 3 0 96 154 64 24 0 0 66 255 255 255 255 255 255 255 255 255 255 255 255 255 255 255 255 255 255 255 255 255 255 255 255 255 255 255 255 255 255 255 255 255 255 255 255 255 255 255 255 255 255 255 255 255 255 255 255 255 255 255 255 255 255 255 255 255 255 255 255 255 255 255 255 255 255 255 255 255 255 255 255 255 255 255 255 255 255 255 255 255 255 255 255 255 255 255 255 255 255 255 255 255 255 255 255 255 255 255 255 255 255 255 255 255 255 255 255 255 255 255 255 255 255 255 255 255 255 255 255 255 255 255 255 255 255 255 255 255 255 255 255 255 255 255 255 255 255 255 255 255 255 255 255 255 255 255 255 255 255 255 255 255 255 255 255 255 255 255 255 255 255 255 255 255 255 255 255 255 255 255 255 255 255 255 255 255 255 255 255 255 255 255 255 255 255 255 255 255 255 255 255 255 255 255 255 255 255 255 255 255 255 255 255 255 255 255 255 255 255 255 255 255 255 255 255 255 255 255 255 255 255 255 255 255 255 255 255 255 255 255 255 255 255 255 255 255 255 255 255 255 255 255 255 255 255 255 255 255 255 255 255 255 255 255 255 255 255 255 255 255 255 255 255 255 255 255 255 255 255 255 255 255 255 255 255 255 255 255 255 255 255 255 255 255 255 255 255 255 255 255 255 255 255 255 255 255 255 255 255 255 255 255 255 255 255 255 255 255 255 255 255 255 255 255 255 255 255 255 255 255 255 255 255 255 255 255 255 255 255 255 255 255 255 255 255 255 255 255 255 255 255 255 255 255 255 255 255 255 255 255 255 255 255 255 255 255 255 255 255 255 255 255 255 255 255 255 255 255 255 255 255 255 255 255 255 255 255 255 255 255 255 255 255 255 255 255 255 255 255 255 255 255 255 255 255 255 255 255 255 255 255 255 255 255 255 255 255 255 255 255 255 255 255 255 255 255 255 255 255 255 255 255 255 255 255 255 255 255 255 255 255 255 255 255 255 255 255 255 255 255 255 255 255 255 255 255 255 255 255 255 255 255 255 255 255 255 255 255 255 255 255 255 255 255 255 255 255 255 255 255 255 255 255 255 255 255 255 255 255 255 255 255 255 255 255 255 255 255 255 255 255 255 255 255 255 255 255 255 255 255 255 255 255 255 255 255 255 255 255 255 255 255 255 255 255 255 255 255 255 255 255 255 255 255 255 255 255 255 255 255 255 255 255 255 255 255 255 255 255 255 255 255 255 255 255 255 255 255 255 255 255 255 255 255 255 255 255 255 255 255 255 255 255 255 255 255 255 255 255 255 255 255 255 255 255 255 255 255 255 255 255 255 255 255 255 255 255 255 255 255 255 255 255 255 255 255 255 255 255 255 255 255 255 255 255 255 255 255 255 255 255 255 255 255 255 255 255 255 255 255 255 255 255 255 255 255 255 255 255 255 255 255 255 255 255 255 255 255 255 255 255 255 255 255 255 255 255 255 255 255 255 255 255 255 255 255 255 255 255 255 255 255 255 255 255 255 255 255 255 255 255 255 255 255 255 255 255 255 255 255 255 255 255 255 255 255 255 255 255 255 255 255 255 255 255 255 255 255 255 255 255 255 255 255 255 255 255 255 255 255 255 255 255 255 255 255 255 255 255 255 255 255 255 255 255 255 255 255 255 255 255 255 255 255 255 255 255 255 255 255 255 255 255 255 255 255 255 255 255 255 255 255 255 255 255 255 255 255 255 255 255 255 255 255 255 255 255 255 255 255 255 255 255 255 255 255 255 255 255 255 255 255 255 255 255 255 255 255 255 255 255 255 255 255 255 255 255 255 255 255 255 255 255 255 255 255 255 255 255 255 255 255 255 255 255 255 255 255 255 255 255 255 255 255 255 255 255 255 255 255 255 255 255 255 255 255 255 255 255 255 255 255 255 255 255 255 255 255 255 255 255 255 255 255 255 255 255 255 255 255 255 255 255 255 255 255 255 255 255 255 255 255 255 255 255
